37201
31186
29917
32768
35619
34350
28336
21227
18376
22809
32768
42727
47160
44310
37201
31186
29917
32768
35619
34350
28336
21227
18376
22809
32768
42727
47160
44310
37201
31186
29918
32768
35619
34350
28336
21227
18376
22808
32768
42727
47160
44310
37201
31186
29918
32768
35619
34350
28336
21227
18376
22808
32768
42726
47160
44310
37201
31186
29918
32768
35618
34350
28336
21227
18377
22808
32767
42726
47160
44310
37201
31187
29918
32767
35618
34350
28336
21227
18377
22808
32767
42726
47160
44310
37201
31187
29918
32767
35618
34350
28336
21227
18377
22808
32767
42726
47160
44310
37201
31187
29918
32767
35618
34350
28336
21227
18377
22808
32767
42726
47160
44310
37201
31187
29918
32767
35618
34350
28336
21227
18377
22808
32767
42726
47159
44310
37201
31187
29918
32767
35618
34351
28336
21227
18377
22808
32767
42726
47159
44310
37202
31187
29918
32767
35618
34351
28337
21228
18377
22808
32766
42726
47159
44309
37202
31187
29918
32768
35618
34351
28337
21228
18377
22808
32766
42726
47159
44309
37202
31187
29918
32768
35618
34351
28337
21228
18377
22807
32766
42726
47159
44309
37202
31187
29917
32768
35618
34351
28338
21228
18377
22807
32766
42726
47159
44310
37202
31187
29917
32768
35618
34351
28338
21228
18377
22807
32766
42726
47159
44310
37202
31187
29917
32768
35618
34351
28338
21228
18377
22807
32766
42726
47159
44310
37202
31187
29917
32767
35618
34351
28338
21228
18377
22807
32765
42726
47159
44310
37202
31187
29917
32767
35618
34351
28338
21228
18377
22807
32765
42726
47159
44310
37202
31187
29917
32767
35618
34351
28338
21228
18377
22807
32765
42726
47159
44310
37202
31187
29917
32767
35618
34351
28338
21228
18377
22807
32765
42726
47159
44310
37202
31187
29917
32767
35618
34351
28338
21228
18377
22807
32765
42726
47159
44310
37202
31187
29917
32767
35619
34351
28338
21228
18377
22807
32765
42725
47159
44310
37202
31187
29917
32767
35618
34351
28338
21228
18377
22807
32765
42724
47159
44310
37203
31187
29917
32767
35618
34351
28338
21229
18377
22807
32765
42724
47159
44310
37203
31187
29917
32767
35618
34351
28338
21229
18377
22807
32765
42724
47159
44310
37203
31187
29917
32767
35618
34351
28338
21229
18377
22807
32765
42724
47159
44311
37203
31188
29917
32767
35618
34351
28339
21229
18376
22807
32765
42724
47159
44311
37203
31188
29917
32767
35618
34351
28339
21229
18376
22806
32764
42724
47159
44311
37203
31188
29918
32766
35618
34351
28339
21229
18376
22806
32764
42724
47159
44311
37203
31188
29918
32766
35618
34351
28339
21229
18376
22806
32764
42724
47159
44311
37203
31188
29918
32766
35618
34351
28339
21229
18376
22806
32764
42724
47159
44311
37203
31188
29917
32766
35618
34351
28339
21229
18376
22805
32764
42724
47159
44311
37203
31188
29917
32766
35618
34351
28339
21229
18376
22805
32764
42724
47159
44311
37203
31188
29917
32766
35618
34351
28339
21229
18376
22805
32763
42724
47159
44311
37203
31188
29917
32767
35618
34351
28339
21229
18376
22805
32763
42724
47159
44311
37203
31188
29917
32767
35618
34351
28339
21230
18376
22805
32763
42724
47159
44311
37204
31188
29917
32767
35618
34351
28339
21230
18376
22805
32763
42724
47159
44311
37204
31188
29917
32767
35618
34351
28339
21230
18376
22805
32763
42724
47159
44311
37204
31188
29917
32767
35618
34351
28339
21230
18376
22805
32763
42724
47159
44312
37204
31188
29917
32766
35618
34351
28340
21230
18376
22805
32762
42724
47159
44312
37204
31188
29917
32766
35618
34351
28340
21230
