0136
0313
0501
0674
0809
0917
1021
1138
1270
1397
1506
1580
1642
1723
1845
2003
2063
2074
2038
1985
1952
1954
1975
1982
1956
1906
1866
1869
1923
2003
2063
2074
2038
1985
1952
1954
1975
1982
1956
1906
1866
1869
1923
2003
2063
2074
2038
1985
1952
1954
1975
1982
1956
1906
1866
1869
1923
2003
2063
2074
2038
1985
1952
1954
1975
1982
1956
1906
1866
1869
1923
2003
2063
2074
2038
1985
1952
1954
1975
1982
1956
1906
1866
1869
1923
2002
2063
2074
2038
1985
1952
1954
1975
1982
1956
1906
1866
1869
1923
2002
2063
2074
2038
1985
1952
1954
1975
1982
1956
1906
1866
1869
1923
2002
2063
2074
2038
1985
1952
1954
1975
1982
1956
1906
1866
1869
1923
2002
2063
2074
2038
1985
1952
1954
1975
1982
1956
1906
1866
1869
1923
2002
2063
2074
2038
1985
1952
1954
1975
1982
1956
1906
1866
1869
1923
2002
2063
2074
2038
1985
1952
1954
1975
1982
1956
1906
1866
1869
1923
2003
2063
2074
2038
1985
1952
1954
1975
1982
1956
1906
1866
1869
1923
2002
2063
2074
2038
1985
1952
1954
1975
1982
1956
1906
1866
1869
1923
2002
2063
2074
2038
1985
1952
1954
1975
1982
1956
1906
1866
1869
1923
2002
2063
2074
2038
1985
1952
1954
1975
1982
1956
1906
1866
1869
1923
2002
2063
2074
2038
1985
1952
1954
1975
1982
1956
1906
1866
1869
1923
2002
2063
2074
2038
1985
1952
1954
1975
1982
1956
1906
1866
1869
1923
2002
2063
2074
2038
1985
1952
1954
1975
1982
1956
1906
1866
1869
1923
2002
2063
2074
2038
1985
1952
1954
1975
1982
1956
1906
1866
1869
1923
2002
2063
2074
2038
1985
1952
1954
1975
1982
1956
1906
1866
1869
1923
2002
2063
2074
2038
1985
1952
1954
1975
1982
1956
1906
1866
1869
1923
2002
2063
2074
2038
1985
1952
1954
1975
1982
1956
1906
1866
1869
1923
2002
2063
2074
2038
1985
1952
1954
1975
1982
1956
1906
1866
1869
1923
2002
2063
2074
2038
1985
1952
1954
1975
1982
1956
1906
1866
1869
1923
2002
2063
2074
2038
1985
1952
1954
1975
1982
1956
1906
1866
1869
1923
2002
2063
2074
2038
1985
1952
1954
1975
1982
1956
1906
1866
1869
1923
2002
2063
2074
2038
1985
1952
1954
1975
1982
1956
1906
1866
1869
1923
2002
2063
2074
2038
1985
1952
1954
1975
1982
1956
1906
1866
1869
1923
2002
2063
2074
2038
1985
1952
1954
1975
1982
1956
1906
1866
1869
1923
2002
2063
2074
2038
1985
1952
1954
1975
1982
1956
1906
1866
1869
1923
2002
2063
2074
2038
1985
1952
1954
1975
1982
1956
1906
1866
1869
1923
2002
2063
2074
2038
1985
1952
1954
1975
1982
1956
1906
1866
1869
1923
2002
2063
2074
2038
1985
1952
1954
1975
1982
1956
1906
1866
1869
1923
2002
2063
2074
2038
1985
1952
1954
1975
1982
1956
1906
1866
1869
1923
2002
2063
2074
2038
1985
1952
1954
1975
1982
1956
1906
1866
1869
1923
2002
2063
2074
2038
1985
1952
1954
1975
1982
1956
1906
1866
1869
1923
2002
2063
2074
2038
1985
1952
1954
1975
1982
1956
1906
1866
1869
1923
2002
2063
2074
2038
1985
1952
1954
1975
1982
1956
1906
1866
1869
1923
2002
2063
2074
2038
1985
1952
1954
1975
1982
1956
1906
1866
1869
1923
2002
2063
2074
2038
1985
1952
1954
1975
1982
1956
1906
1866
1869
1923
2002
2063
2074
2038
1985
1952
1954
1975
1982
1956
1906
1866
1869
1923
2002
2063
2074
2038
1985
1952
1954
1975
1982
1956
1906
