31187
29917
32767
35618
34351
28338
21228
18377
22807
32765
42726
47159
44310
37202
31187
29917
32767
35618
34351
28338
21228
18377
22807
32765
42726
47159
44310
37202
31187
29917
32767
35618
34351
28338
21228
18377
22807
32765
42726
47159
44310
37202
31187
29917
32767
35618
34351
28338
21228
18377
22807
32765
42726
47159
44310
37202
31187
29917
32767
35619
34351
28338
21228
18377
22807
32765
42725
47159
44310
37202
31187
29917
32767
35618
34351
28338
21228
18377
22807
32765
42724
47159
44310
37203
31187
29917
32767
35618
34351
28338
21229
18377
22807
32765
42724
47159
44310
37203
31187
29917
32767
35618
34351
28338
21229
18377
22807
32765
42724
47159
44310
37203
31187
29917
32767
35618
34351
28338
21229
18377
22807
32765
42724
47159
44311
37203
31188
29917
32767
35618
34351
28339
21229
18376
22807
32765
42724
47159
44311
37203
31188
29917
32767
35618
34351
28339
21229
18376
22806
32764
42724
47159
44311
37203
31188
29918
32766
35618
34351
28339
21229
18376
22806
32764
42724
47159
44311
37203
31188
29918
32766
35618
34351
28339
21229
18376
22806
32764
42724
47159
44311
37203
31188
29918
32766
35618
34351
28339
21229
18376
22806
32764
42724
47159
44311
37203
31188
29917
32766
35618
34351
28339
21229
18376
22805
32764
42724
47159
44311
37203
31188
29917
32766
35618
34351
28339
21229
18376
22805
32764
42724
47159
44311
37203
31188
29917
32766
35618
34351
28339
21229
18376
22805
32763
42724
47159
44311
37203
31188
29917
32767
35618
34351
28339
21229
18376
22805
32763
42724
47159
44311
37203
31188
29917
32767
35618
34351
28339
21230
18376
22805
32763
42724
47159
44311
37204
31188
29917
32767
35618
34351
28339
21230
18376
22805
32763
42724
47159
44311
37204
31188
29917
32767
35618
34351
28339
21230
18376
22805
32763
42724
47159
44311
37204
31188
29917
32767
35618
34351
28339
21230
18376
22805
32763
42724
47159
44312
37204
31188
29917
32766
35618
34351
28340
21230
18376
22805
32762
42724
47159
44312
37204
31188
29917
32766
35618
34351
28340
21230
18376
22805
32762
42723
47159
44312
37204
31188
29917
32766
35617
34351
28340
21230
18376
22805
32762
42723
47159
44312
37204
31188
29917
32766
35617
34351
28340
21230
18376
22805
32762
42723
47159
44312
37204
31188
29917
32766
35617
34351
28340
21230
18376
22805
32762
42723
47159
44312
37204
31188
29917
32766
35617
34351
28340
21230
18376
22805
32762
42723
47160
44312
37204
31188
29917
32766
35617
34353
28340
21230
18376
22805
32762
42723
47159
44312
37204
31188
29917
32766
35617
34353
28340
21230
18376
22805
32762
42722
47159
44312
37204
31188
29917
32766
35618
34353
28340
21230
18376
22805
32762
42722
47159
44312
37204
31188
29917
32766
35618
34353
28340
21231
18376
22805
32762
42722
47159
44312
37205
31188
29917
32766
35618
34353
28340
21231
18376
22804
32762
42722
47159
44312
37205
31188
29916
32766
35618
34353
28340
21231
18376
22804
32761
42722
47159
44312
37205
31188
29916
32765
35618
34353
28341
21231
18376
22804
32761
42722
47159
44313
37205
31188
29916
32765
35618
34353
28341
21231
18376
22804
32761
42722
47159
44313
37205
31188
29917
32765
35618
34353
28341
21231
18376
22803
32761
42722
47159
44313
37205
31188
29917
32765
35618
34353
28341
21231
18376
22803
32761
42722
47159
44313
37205
31188
29917
32765
35618
34353
28341
21231
18376
22803
32761
42722
47159
44313
37205
31189
29917
32765
35618
34353
28341
21231
18377
22803
32760
42722
47159
44313
37205
31189
29917
32766
35618
34353
28341
21231
18377
22803
32760
42722
47159
44313
37205
31189
29917
32766
35618
34353
28341
21231
18377
22803
32760
42722
47159
44313
37205
31189
29917
32766
35617
34353
28341
21231
18377
22803
32760
42721
47159
44313
37205
31189
29917
32766
35617
34353
28341
21231
18377
22803
32760
42721
47159
44313
37206
31189
29917
32766
35617
34353
28341
21232
18377
22803
32760
42721
47159
44313
37206
31189
29917
32765
35617
34353
28341
21232
18377
22803
32759
42721
47159
44313
37206
31190
29917
32765
35617
34353
28341
21232
18376
22803
32759
42721
47159
44313
37206
31190
29917
32765
35617
34353
28342
21232
18376
22803
32759
42721
47159
44314
37206
31190
29917
32765
35617
34353
28342
21232
18376
22803
32759
42721
47159
44314
37206
31190
29917
32765
35617
34353
28342
21232
18376
22803
32759
42721
47159
44314
37206
31190
29917
32765
35617
34353
28342
21232
18376
22803
32759
42721
47159
44314
37206
31190
29916
32765
35617
34353
28342
21232
18376
22802
32759
42721
47159
44314
37206
31190
29916
32765
35617
34353
28342
21232
18376
22802
32759
42721
47159
44314
37206
31190
29916
32765
35617
34353
28342
21232
18376
22802
32759
42721
47159
44314
37206
31190
29916
32765
35617
34353
28342
21232
18376
22802
32759
42721
47159
44314
37206
31190
29916
32765
35618
34353
28342
21232
18376
22802
32759
42720
47159
44314
37206
31190
29916
32765
35618
34353
28342
21232
18376
22802
32758
42720
47159
44314
37207
31190
29916
32764
35618
34353
28342
21233
18376
22802
32758
42720
47159
44314
37207
31190
29916
32764
35618
34353
28342
21233
18376
22802
32758
42720
47159
44314
37207
31190
29916
32764
35618
34353
28342
21233
18376
22802
32758
42720
47159
44315
37207
31190
29916
32764
35618
34353
28343
21233
18376
22802
32758
42719
47159
44315
37207
31190
29916
32764
35617
34353
28343
21233
18376
22801
32758
42719
47159
44315
37207
31190
29917
32764
35617
34353
28343
21233
18376
22801
32757
42719
47159
44315
37207
31190
29917
32765
35617
34353
28343
21233
18376
22801
32757
42719
47159
44315
37207
31190
29917
32765
35617
34353
28343
21233
18376
22801
32757
42719
47159
44315
37207
31190
29917
32765
35617
34354
28343
21233
18376
22801
32757
42719
47158
44315
37207
31190
29917
32765
35617
34354
28343
21233
18376
22801
32757
42719
47158
44315
37207
31190
29917
32765
35617
34354
28343
21233
18376
22801
32757
42719
47158
44315
37207
31190
29917
32764
35617
34354
28343
21233
18376
22801
32756
42719
47158
44315
37207
31190
29916
32764
35617
34354
28343
21234
18376
22800
32756
42719
47158
44315
37208
31190
29916
32764
35617
34354
28343
21234
18376
22800
32756
42719
47158
44315
37208
31190
29916
32764
35617
34354
28343
21234
18376
22800
32756
42719
47158
44315
37208
31190
29916
32764
35617
34354
28343
21234
18376
22800
32756
42719
47158
44316
37208
31190
29916
32764
35617
34354
28344
21234
18376
22800
32756
42719
47158
44316
37209
31190
29916
32764
35617
34354
28344
21233
18376
22800
32756
42719
47158
44316
37209
31190
29916
32764
35617
34354
28344
21233
18376
22800
32756
42719
47158
44316
37209
31190
29916
32764
35617
34354
28344
21233
18376
22800
32756
42719
47158
44316
37209
31190
29916
32764
35617
34354
28344
21233
18376
22800
32756
42719
47158
44316
37209
31190
29916
32764
35617
34354
28344
21233
18376
22800
32756
42718
47158
44316
37209
31190
29916
32764
35616
34354
28344
21233
18376
22800
32755
42718
47159
44316
37209
31190
29916
32763
35616
34355
28344
21233
18376
22800
32755
42717
47159
44316
37209
31190
29916
32763
35617
34355
28344
21233
18376
22800
32755
42717
47159
44316
37209
31190
29916
32763
35617
34355
28344
21234
18376
22800
32755
42717
47159
44316
37210
31191
29916
32763
35617
34355
28344
21234
18375
22800
32755
42717
47159
44316
37210
31191
29916
32763
35617
34355
28344
21234
18375
22800
32755
42717
47159
44316
37210
31191
29916
32763
35617
34355
28344
21234
18375
22800
32754
42717
47159
44317
37210
31191
29916
32764
35617
34355
28345
21234
18375
22800
32754
42717
47159
44317
37210
31191
29917
32764
35617
34355
28345
21234
18375
22798
32754
42717
47159
44317
37210
31191
29916
32764
35617
34355
28345
21234
18375
22798
32754
42717
47159
44317
37210
31191
29916
32764
35617
34355
28345
21234
18375
22798
32754
42717
47159
44317
37210
31191
29916
32764
35617
34355
28345
21234
18376
22798
32754
42717
47159
44317
37210
31192
29916
32763
35617
34355
28345
21234
18376
22798
32753
42717
47159
44317
37210
31192
29916
32763
35617
34355
28345
21234
18376
22798
32753
42717
47159
44317
37210
31192
29916
32763
35617
34355
28345
21234
18376
22798
32753
42717
47159
44317
37210
31192
29916
32763
35617
34355
28345
21234
18376
22798
32753
42717
47159
44317
37211
31192
29916
32763
35617
34355
28345
21235
18376
22798
32753
42717
47159
44317
37211
31192
29916
32763
35617
34355
28346
21235
18376
22798
32753
42717
47159
44316
37211
31192
29916
32763
35616
34355
28346
21235
18376
22798
32753
42716
47159
44316
37211
31192
29916
32763
35616
34355
28347
21235
18376
22798
32753
42716
47159
44317
37211
31192
29916
32763
35616
34355
28347
21235
18376
22798
32753
42716
47159
44317
37211
31192
29916
32763
35616
34355
28347
21235
18376
22798
32753
42716
47159
44317
37211
31192
29916
32763
35616
34355
28347
21235
18376
22798
32753
42716
47159
44317
37211
31192
29916
32763
35616
34356
28347
21235
18376
22798
32752
42716
47158
44317
37211
31192
29916
32762
35616
34356
28347
21235
18376
22798
32752
42716
47158
44317
37211
31192
29916
32762
35616
34356
28347
21235
18376
22798
32752
42716
47158
44317
37211
31192
29916
32762
35616
34356
28347
21235
18376
22798
32752
42716
47158
44317
37211
31192
29915
32762
35617
34356
28347
21235
18376
22797
32752
42715
47158
44317
37211
31192
29915
32762
35617
34356
28347
21235
18376
22797
32752
42715
47158
44317
37212
31192
29915
32762
35617
34356
28347
21236
18376
22797
32751
42715
47158
44317
37212
31192
29915
32763
35617
34356
28347
21236
18376
22797
32751
42715
47158
44317
37212
31192
29915
32763
35617
34356
28347
21236
18376
22797
32751
42715
47158
44317
37212
31192
29915
32763
35617
34356
28348
21236
18376
22797
32751
42715
47158
44318
37212
31192
29915
32763
35617
34356
28348
21236
18376
22796
32751
42715
47158
44318
37212
31192
29916
32763
35617
34356
28348
21236
18376
22796
32751
42715
47158
44318
37212
31192
29916
32762
35617
34356
28348
21236
18376
22796
32750
42715
47158
44318
37212
31192
29916
32762
35617
34356
28348
21236
18376
22796
32750
42714
47158
44318
37212
31192
29916
32762
35616
34356
28348
21236
18376
22796
32750
42714
47158
44318
37212
31192
29916
32762
35616
34356
28348
21236
18376
22796
32750
42714
47158
44318
37212
31192
29916
32762
35616
34356
28348
21236
18376
22796
32750
42714
47158
44318
37212
31192
29916
32762
35616
34356
28348
21236
18376
22796
32750
42714
47158
44318
37212
31193
29916
32762
35616
34356
28348
21237
18375
22796
32750
42714
47158
44318
37213
31193
29916
32762
35616
34356
28348
21237
18375
22796
32750
42714
47158
44318
37213
31193
29916
32762
35616
34356
28348
21237
18375
22796
32750
42714
47158
44318
37213
31193
29916
32762
35616
34356
28348
21237
18375
22796
32750
42714
47158
44319
37213
31193
29916
32762
35616
34356
28349
21237
18375
22795
32750
42714
47158
44319
37213
31193
29915
32762
35616
34356
28349
21237
18375
22795
32749
42714
47158
44319
37213
31193
29915
32761
35616
34356
28349
21237
18375
22795
32749
42714
47158
44319
37213
31193
29915
32761
35616
34356
28349
21237
18375
22795
32749
42714
47158
44319
37213
31193
29915
32761
35616
34356
28349
21237
18375
22795
