12286
1099
0007
1441
4959
9474
13593
16046
16077
13680
9594
5077
1521
0014
1016
4218
8633
12911
15746
16276
14345
10545
6035
2181
0148
0544
3243
7428
11837
15151
16383
15174
11890
7513
3343
0607
0107
1980
5668
10088
13950
16137
16022
13650
9712
5343
1796
0075
0660
3375
7444
11717
14995
16371
15469
12552
8437
4260
1169
0001
1064
4059
8164
12271
15276
16383
15308
12348
8294
4220
1196
0004
0946
3766
7725
11797
14938
16349
15679
13111
9303
5220
1891
0145
0408
2606
6184
10254
13809
15981
16244
14543
11300
7309
3535
0890
0003
1080
3856
7663
11591
14708
16279
15939
13773
10296
6329
2801
0538
0063
1482
4462
8306
12121
15024
16344
15779
13463
9931
6000
2576
0445
0097
1610
4637
8480
12257
15100
16355
15734
13379
9830
5903
2503
0412
0114
1681
4752
8620
12392
15192
16369
15646
13187
9561
5612
2264
0303
0193
1966
5211
9163
12890
15505
16381
15303
12522
8698
4748
1622
0084
0511
2809
6425
10479
13977
16054
16189
14340
10957
6879
3122
0635
0052
1529
4703
8773
12701
15476
16377
15162
12133
8071
4034
1082
0001
1085
4060
8141
12244
15265
16383
15288
12262
8123
3994
1012
0004
1258
4439
8671
12775
15601
16346
14789
11361
7028
3019
0485
0159
2145
5880
10290
14097
16188
15946
13431
9374
4963
1502
0017
0957
4051
8384
12663
15608
16328
14602
10941
6447
2477
0237
0410
2950
7089
11567
15017
16381
15238
11935
7481
3244
0526
0167
2278
6213
10757
14513
16318
15616
12622
8260
3877
0827
0050
1785
5497
10039
14011
16189
15905
13248
9038
4570
1216
0001
1293
4694
9160
13329
15930
16179
14004
10070
5571
1868
0073
0720
3607
7864
12215
15362
16374
14960
11545
7145
3058
0484
0168
2194
5962
10373
14147
16197
15944
13469
9491
5148
1676
0053
0726
3497
7577
11823
15052
16375
15436
12506
8397
4240
1165
0001
1052
4023
8107
12206
15230
16382
15369
12467
8449
4371
1295
0013
0847
3570
7476
11557
14775
16316
15800
13368
9639
5554
2134
0225
0293
2312
5775
9826
13472
15824
16318
14842
11759
7822
3978
1149
0008
0819
3383
7086
11046
14328
16161
16117
14213
10900
6957
3306
0795
0008
1122
3876
7628
11508
14621
16246
16014
13978
10611
6687
3111
0704
0019
1212
4009
7768
11624
14692
16265
15982
13906
10514
6586
3026
0657
0028
1286
4144
7942
11801
14823
16303
15893
13684
10187
6220
2711
0491
0084
1594
4670
8586
12412
15236
16377
15554
12959
9210
5210
1927
0166
0362
2476
5999
10068
13678
15933
16264
14579
11290
7216
3382
0761
0024
1370
4465
8523
12503
15373
16383
15258
12282
8225
4154
1144
0001
1040
3996
8084
12207
15252
16383
15284
12242
8083
3947
0978
0007
1314
4545
8804
12898
15669
16326
14672
11168
6807
2836
0403
0215
2337
6164
10586
14314
16254
15827
13151
9006
4616
1282
0001
1162
4425
8821
13032
15790
16261
14295
10481
5969
2129
0131
0586
3363
7615
12047
15301
16377
14941
11432
6925
2806
0345
0301
2689
6776
11300
14865
16371
15352
12122
7680
3396
0592
0133
2160
6045
10591
14396
16292
15698
12799
8488
4089
0948
0023
1593
5173
9670
13714
16080
16055
13652
9604
5134
1587
0026
0909
3968
8280
12563
15544
16347
14744
11214
6803
2803
0381
0235
2398
6234
10629
14317
16245
15869
13308
9299
4982
1578
0037
0782
3594
7680
11901
15091
16377
15418
12486
8390
4248
1179
0002
1024
3959
8017
12113
15167
16379
15442
12612
8636
4552
1415
0029
0739
3354
7196
11285
14584
16268
15920
13639
10002
5921
2409
0331
0191
2014
5346
9367
13097
15633
16366
15129
12225
8359
4457
1451
0052
0585
2919
6497
10470
13904
15993
16253
14628
11503
7608
3851
1106
0007
0804
3311
6945
10865
14166
16090
16193
14455
11276
7390
3687
1020
0002
0866
3413
7060
10967
14237
16116
16171
14388
11176
7273
3581
0954
0001
0946
3574
7277
11196
14418
16188
16088
14136
10787
6823
3178
0715
0021
1268
4165
8027
11934
14947
16338
15765
13359
9695
5659
2237
0269
0244
2179
5604
9677
13387
15804
16317
14787
11589
7526
3626
0883
0008
1234
4258
8304
12329
15281
16383
15335
12402
8349
4247
1190
0003
1013
3960
8058
12200
15255
16383
15264
12194
8012
3873
0930
0013
1387
4679
8968
13044
15747
16299
14533
10944
6558
2638
0321
0287
2557
6476
10903
14539
16310
15685
12840
8613
4256
1068
0006
1396
4828
9275
13400
15955
16163
13955
9996
5485
1795
0055
0798
3804
8156
12520
15559
16335
14608
10906
6368
2390
0200
0474
3130
7349
11828
15185
16383
15052
11604
7104
2940
0396
0256
2560
6597
11124
14747
16356
15460
12338
7947
3635
0716
0078
1911
5651
10159
14068
16197
15908
13296
9151
4723
1338
0003
1109
4320
8674
12882
15700
16306
14530
10902
6487
2575
0297
0307
2589
6480
10856
14464
16280
15799
13166
9135
4846
1500
0027
0827
3667
7751
11950
15112
16378
15414
12494
8416
4284
1208
0004
0980
3868
7893
11991
15084
16371
15527
12782
8854
4763
1559
0056
0627
3118
6887
10980
14366
16201
16035
13920
10389
6320
2719
0466
0106
1718
4903
8880
12686
15403
16383
15399
12693
8917
4972
1796
0138
0384
2470
5900
9864
13433
15774
16343
15012
12095
8274
4436
1471
0062
0533
2773
6261
10194
13664
15873
16315
14889
11922
8100
4298
1391
0048
0575
2855
6362
10292
13739
15909
16300
14821
11809
7959
4162
1296
0029
0659
3043
6631
10585
13983
16026
16231
14543
11355
7416
3656
0970
0001
0985
3697
7490
11458
14642
16270
15939
13721
10150
6094
2547
0387
0154
1916
5243
9311
13106
15671
16352
14967
11857
7807
3848
1000
0001
1122
4080
8117
12180
15203
16381
15395
12492
8439
4312
1220
0004
1000
3953
8065
12220
15275
16383
15228
12118
7910
3773
0869
0022
1480
4843
9162
13211
15830
16261
14370
10692
6284
2425
0241
0377
2804
6816
11238
14767
16352
15517
12501
8197
3886
0862
0035
1662
5259
9744
13764
16098
16033
13583
9489
4997
1478
0011
1047
4276
8707
12982
15786
16254
14240
10362
5814
1998
0093
0687
3598
7928
12338
15469
16353
14719
11071
6537
2513
0240
0415
2983
7151
11636
15063
16383
15195
11867
7419
3210
0520
0164
2244
6124
10626
14389
16283
15743
12938
8716
4341
1119
0003
1316
4661
9044
13171
15832
16253
14322
10610
6201
2374
0230
0379
2766
6700
11052
14587
16307
15736
13047
9002
4738
1441
0020
0858
3713
7791
11971
15116
16378
15427
12529
8473
4350
1256
0007
0923
3751
7739
11838
14981
16358
15622
12974
9104
5007
1728
0095
0513
2866
6552
10643
14116
16111
16141
14207
10796
6751
3064
0633
0043
1430
4449
8366
12237
15133
16366
15648
13157
9491
5522
2187
0271
0220
2039
5299
9232
12919
15502
16382
15359
12673
8951
5056
1887
0176
0314
2269
5587
9504
13118
15599
16376
15273
12542
8811
4939
1813
0154
0343
2339
5683
9605
13204
15648
16370
15201
12409
8637
4760
1678
0110
0426
2556
6007
9973
13525
15824
16325
14904
11890
7995
4141
1251
0018
0746
3267
6980
10991
14328
16177
16077
14047
10573
6508
2854
0518
0089
1684
4913
8973
12842
15539
16373
15121
12093
8057
4049
1107
0001
1029
3933
7962
12058
15138
16378
15437
12556
8496
4349
1234
0004
1004
3972
8105
12268
15311
16382
15175
12014
7776
3648
0797
0037
1593
5034
9383
13398
15918
16211
14182
10410
5986
2202
0167
0488
3079
7183
11590
14994
16378
15321
12132
7760
3513
0669
0092
1960
5715
10225
14121
16216
15869
13179
8965
4511
1183
0002
1333
4773
9264
13428
15981
16134
13839
9802
5268
1635
0026
0939
4090
8508
12828
15717
16284
14355
10528
5982
2118
0124
0610
3424
7700
12124
15342
16373
14906
11393
6908
2816
0359
0276
2587
6587
11067
14679
16341
15562
12583
8300
3988
0929
0021
1524
4988
9387
13432
15942
16193
14123
10341
5943
2199
0178
0449
2924
6891
11220
14689
16326
15683
12951
8900
4659
1401
0017
0876
3732
7798
11963
15102
16376
15453
12592
8564
4444
1322
0014
0853
3608
7552
11655
14856
16336
15724
13187
9383
5282
1924
0151
0401
2600
6191
10273
13834
15996
16233
14497
11221
7212
3445
0835
0007
1153
3989
7829
11751
14820
16308
15869
13613
10078
6103
2623
0453
0098
1636
4703
8581
12365
15177
16367
15662
13229
9633
5706
2353
0349
0151
1804
4927
8800
12532
15267
16375
15604
13129
9518
5603
2282
0320
0171
1869
5026
8915
12639
15337
16381
15528
12971
9302
5371
2095
0241
0246
2114
5412
9367
13049
15587
16374
15219
12389
8553
4626
1550
0069
0546
2874
6497
10537
14010
16063
16185
14336
10965
6900
3151
0655
0045
1483
4617
8662
12594
15410
16382
15251
12297
8276
4226
1203
0004
0955
3815
7839
11964
15090
16375
15464
12591
8522
4356
1230
0003
1023
4019
8176
12343
15361
16380
15104
11881
7612
3500
0715
0059
1729
5256
9633
13600
16007
16146
13968
10100
5667
1971
0103
0622
3383
7575
11955
15217
16383
15096
11734
7304
3138
0494
0178
2290
6197
10713
14464
16305
15668
12744
8425
4032
0914
0030
1655
5293
9824
13854
16139
15973
13407
9231
4733
1304
0001
1226
4602
9085
13292
15925
16175
13965
9979
5445
1756
0046
0835
3878
8240
12585
15586
16330
14598
10919
6416
2455
0231
0412
2936
7038
11482
14936
16373
15371
12236
7906
3665
0765
0053
1731
5298
9704
13664
16032
16129
13936
10096
5715
2049
0137
0514
3063
7054
11358
14769
16339
15641
12880
8829
4609
1379
0015
0879
3725
7772
11926
15071
16373
15495
12681
8687
4568
1408
0026
0772
3441
7334
11441
14708
16303
15830
13419
9689
5589
2149
0227
0295
2325
5807
9872
13517
15851
16307
14784
11660
7700
3864
1076
0003
0893
3528
7272
11230
14463
16208
16057
14053
10672
6712
3103
0687
0024
1265
4117
7914
11773
14799
16296
15918
13757
10312
6381
2867
0581
0046
1385
4288
8088
11913
14881
16313
15879
13677
10212
6283
2791
0543
0058
1450
4400
8228
12050
14981
16336
15800
13492
9946
5987
2542
0417
0118
1718
4848
8772
12563
15319
16381
15490
12850
9089
5107
1864
0149
0384
2520
6044
10100
13693
15935
16265
14593
11324
7267
3436
0795
0017
1309
4352
8381
12368
15288
16383
15360
12472
8463
4377
1285
0010
0898
3726
7749
11898
15059
16373
15476
12598
8515
4336
1210
0002
1057
4095
8278
12445
15425
16374
15015
11720
7418
3330
0627
0091
1887
5506
9908
13818
16093
16063
13727
9761
5329
1736
0052
0781
3717
7991
12329
15432
16364
14839
11308
6833
2765
0340
0296
2655
6701
11205
14791
16361
15431
12280
7874
3563
0674
0097
2013
5833
10382
14256
16259
15773
12947
8653
4216
1007
0016
1548
5130
9655
13728
16094
16028
13551
9428
4927
1430
0007
1089
4343
8769
13016
15793
16257
14273
10450
5946
2125
0134
0567
3287
7472
11868
15164
16383
15173
11899
7536
3370
0625
0098
1933
5587
9992
13870
16105
16062
13764
9877
5516
1922
0106
0573
3180
7187
11467
14830
16348
15611
12834
8789
4589
1375
0016
0867
3690
7714
11859
15022
16367
15550
12797
8841
4723
1514
0044
0681
3252
7085
11195
14533
16257
15937
13666
10024
5929
2405
0326
0198
2045
5402
9439
13166
15673
16358
15063
12108
8213
4319
1358
0034
0657
3072
6699
10676
14062
16061
16207
14472
11268
7347
3626
0972
0001
0932
3548
7237
11146
14370
16166
16121
14249
10982
7074
3424
0871
0002
1015
3677
7377
11264
14446
16190
16095
14181
10888
6972
3337
0820
0005
1083
3808
7551
11444
14585
16239
16018
13969
10565
6603
3010
0633
0038
1369
4320
8193
12071
15028
16351
15718
13273
9598
5578
2187
0254
0256
2202
5624
9683
13381
15795
16321
14817
11649
7607
3705
0934
0004
1160
4120
8130
12164
15176
16379
15449
12617
8618
4500
1352
0016
0857
3663
7692
11861
15044
16372
15472
12579
8476
4288
1172
0001
1108
4198
8412
12572
15500
16363
14905
11530
7195
3140
0533
0135
2070
5786
10208
14047
16175
15960
13457
9396
4974
1501
0016
0968
4080
8428
12709
15634
16319
14550
10855
6350
2400
0210
0449
3050
7224
11696
15097
16383
15156
11789
7315
3109
0466
0204
2404
6390
10932
14629
16340
15535
12463
8072
3720
0747
0072
1901
5668
10212
14133
16224
15847
13119
8880
4434
1139
0003
1367
4811
9282
13418
15965
16156
13938
9989
5502
1827
0066
0738
3635
7888
12226
15363
16375
14972
11576
7191
3105
0508
0151
2127
5854
10251
14049
16163
15997
13609
9686
5347
1817
0084
0623
3275
7289
11546
14871
16353
15594
12816
8782
4597
1389
0018
0842
3628
7624
11764
14953
16356
15616
12937
9027
4908
1644
0071
0585
3042
6807
10918
14332
16193
16041
13926
10383
6301
2694
0450
0116
1763
4982
8978
12777
15460
16382
15329
12562
8751
4810
1681
0105
0449
2626
6115
10090
13616
15864
16314
14864
11857
7999
4189
1311
0032
0643
3002
6558
10490
13891
15976
16268
14701
11636
7780
4019
1218
0019
0699
3101
6673
10594
13965
16007
16251
14638
11538
7664
3910
1145
0010
0771
3255
6888
10828
14156
16093
16183
14400
11156
7211
3494
0884
0003
1066
3828
7635
11580
14717
16287
15906
13657
10079
6036
2513
0377
0158
1920
5235
9289
13077
15650
16357
15012
11943
7918
3957
1069
0001
1035
3918
7912
11985
15077
16371
15519
12734
8741
4595
1402
0021
0832
3629
7666
11853
15048
16373
15454
12532
8404
4212
1120
0001
1177
4329
8576
12722
15586
16346
14774
11310
6945
2933
0438
0193
2278
6094
10529
14283
16248
15835
13159
9005
4605
1270
0001
1185
4474
8884
13090
15821
16245
14228
10376
5858
2048
0109
0638
3478
7763
12182
15378
16368
14845
11274
6753
2674
0295
0351
2827
6959
11471
14972
16379
15259
11958
7494
3247
0526
0168
2281
6214
10754
14504
16315
15633
12671
8340
3966
0885
0034
1666
5280
9776
13788
16104
16031
13597
9540
5084
1561
0023
0920
3978
8282
12554
15534
16351
14772
11270
6874
2867
0411
0209
2310
6098
10481
14204
16209
15936
13472
9524
5208
1734
0068
0663
3344
7360
11597
14894
16355
15591
12823
8808
4634
1422
0024
0803
3540
7501
11639
14864
16341
15693
13102
9245
5124
1797
0111
0485
2816
6502
10608
14101
16109
16139
14194
10764
6705
3017
0605
0053
1486
4547
8488
12352
15209
16374
15577
13016
9306
5337
2049
0219
0274
2195
5525
9478
13126
15617
16373
15222
12436
8666
4789
1702
0119
0403
2485
5883
9811
13366
15728
16356
15107
12268
8491
4647
1618
0099
0440
2563
5982
9910
13443
15768
16347
15044
12157
8352
4508
1515
0071
0513
2744
6247
10207
13699
15903
16297
14784
11713
7808
3988
1163
0009
0807
3374
7100
11094
14393
16195
16057
14004
10528
6475
2838
0515
0088
1671
4880
8922
12787
15502
16377
15180
12204
8199
4186
1196
0005
0931
3746
7725
11833
14992
16362
15573
12821
8831
4662
1434
0024
0821
3622
7673
11873
15070
16376
15421
12458
8302
4108
1054
0003
1263
4488
8771
12895
15680
16320
14621
11063
6668
2710
0345
0269
2514
6431
10871
14525
16308
15684
12831
8590
4226
1046
0009
1432
4895
9357
13470
15986
16138
13873
9876
5363
1711
0039
0864
3935
8314
12658
15630
16315
14498
10738
6192
2262
0161
0538
3278
7535
11995
15280
16378
14949
11436
6924
2803
0344
0301
2686
6762
11276
14841
16367
15390
12214
7812
3528
0667
0095
1981
5746
10247
14125
16212
15886
13253
9107
4693
1325
0003
1110
4311
8652
12854
15681
16314
14576
10982
6584
2657
0332
0270
2478
6315
10681
14334
16244
15881
13357
9392
5098
1671
0057
0692
3389
7399
11618
14898
16354
15602
12857
8865
4701
1473
0032
0750
3426
7347
11482
14754
16317
15779
13287
9493
5372
1977
0164
0385
2573
6169
10266
13839
16001
16226
14467
11165
7139
3376
0793
0013
1216
4104
7974
11891
14917
16330
15802
13464
9877
5896
2461
0380
0139
1788
4936
8843
12594
15317
16380
15541
12997
9341
5422
2145
0266
0216
2004
5218
9115
12799
15422
16383
15462
12869
9202
5302
2067
0239
0240
2071
5312
9218
12888
15476
16383
15396
12740
9029
5120
1923
0184
0310
2278
5632
9588
13221
15673
16363
15121
12236
8386
4487
1466
0053
0591
2959
6593
10619
14062
16080
16175
14314
10946
6894
3157
0664
0041
1454
4558
8581
12513
15356
16383
15322
12433
8450
4393
1312
0014
0846
3603
7570
11708
14922
16354
15612
12883
8888
4700
1449
0024
0824
3641
7712
11922
15108
16379
15372
12356
8168
3980
0974
0009
1368
4676
8994
13088
15779
16282
14443
10785
6367
2476
0256
0364
2778
6794
11229
14768
16353
15506
12472
8152
3840
0834
0043
1712
5344
9842
13842
16127
15997
13485
9355
4867
1394
0004
1126
4420
8874
13120
15850
16221
14117
10185
5638
1878
0067
0764
3755
8115
12498
15552
16335
14607
10902
6363
2388
0201
0470
3110
7308
11775
15142
16383
15123
11751
7297
3119
0483
0185
2307
6204
10695
14431
16291
15725
12910
8692
4330
1118
0002
1304
4630
8998
13124
15805
16268
14387
10717
6323
2474
0268
0329
2630
6505
10852
14442
16270
15833
13265
9290
5018
1628
0051
0708
3408
7406
11610
14883
16350
15627
12918
8955
4798
1544
0046
0687
3288
7162
11295
14621
16285
15870
13493
9770
5652
2184
0236
0289
2320
5813
9891
13543
15867
16299
14740
11582
7602
3771
1016
0001
0960
3657
7438
11394
14582
16246
15997
13901
10458
6485
2917
0591
0047
1409
4352
8189
12023
14965
16333
15815
13533
10017
6083
2635
0471
0085
1566
4570
8407
12194
15061
16349
15762
13436
9904
5977
2560
0438
0100
1627
4669
8524
12305
15136
16362
15694
13284
9689
5742
2364
0345
0160
1859
5046
8978
12728
15410
16383
15412
12721
8944
4984
1787
0129
0414
2582
6115
10158
13728
15946
16262
14589
11331
7290
3466
0817
0013
1265
4268
8269
12258
15216
16380
15442
12632
8668
4574
1416
0026
0779
3488
7447
11611
14870
16347
15636
12917
8914
4708
1445
0023
0841
3686
7783
12000
15163
16382
15307
12227
8004
3827
0884
0022
1495
4892
9245
13299
15880
16231
14240
10479
6044
2234
0174
0481
3071
7184
11601
15007
16379
15299
12084
7696
3452
0637
0106
2025
5818
10336
14205
16241
15820
13066
8817
4375
1102
0006
1426
4929
9437
13564
16035
16087
13704
9619
5094
1524
0014
1028
4253
8693
12978
15787
16253
14237
10361
5817
2007
0097
0671
3550
7847
12248
15408
16366
14835
11286
6802
2741
0333
0298
2641
6650
11118
14706
16344
15552
12574
8298
3997
0939
0018
1497
4933
9316
13366
15909
16217
14209
10475
6092
2316
0218
0386
2763
6667
10993
14527
16289
15796
13197
9219
4966
1605
0048
0711
3401
7380
11572
14850
16343
15664
13004
9078
4925
1636
0066
0614
3127
6945
11077
14462
16239
15963
13715
10074
5964
2421
0328
0200
2058
5434
9486
13214
15703
16351
15009
12012
8092
4202
1279
0021
0724
3211
6883
10862
14204
16118
16158
14321
11044
7100
3416
0852
0004
1064
3781
7523
11415
14560
16229
16039
14038
10689
6765
3172
0734
0014
1174
3947
7696
11559
14647
16253
16005
13961
10590
6666
3093
0693
0021
1235
4057
7836
11700
14753
16285
15937
13785
10327
6368
2832
0549
0061
1486
4495
8381
12227
15118
16363
15660
13167
9477
5474
2121
0233
0274
2243
5668
9716
13396
15798
16322
14830
11683
7658
3761
0972
0002
1104
4010
7988
12025
15084
16370
15541
12802
8855
4728
1504
0038
0728
3402
7358
11544
14837
16343
15647
12924
8907
4687
1423
0019
0873
3759
7885
12104
15232
16383
15224
12070
7809
3651
0786
0042
1644
5138
9522
13526
15981
16163
14010
10145
5700
1985
0105
0623
3393
7598
11985
15240
16382
15061
11668
7222
3066
0461
0201
2371
6316
10836
14551
16323
15606
12616
8266
3892
0838
0046
1762
5460
10000
13985
16182
15913
13262
9044
4564
1204
0001
1326
4768
9266
13431
15982
16134
13842
9815
5291
1660
0031
0902
4000
8376
12694
15637
16316
14530
10825
6327
2396
0214
0432
2978
7081
11513
14950
16374
15371
12245
7928
3694
0784
0047
1687
5218
9607
13580
15995
16162
14045
10260
5891
2182
0178
0438
2876
6798
11104
14592
16302
15769
13152
9180
4945
1600
0049
0700
3367
7323
11504
14797
16332
15714
13116
9232
5082
1749
0094
0533
2945
6698
10827
14278
16178
16056
13952
10404
6309
2689
0444
0122
1793
5037
9051
12848
15505
16380
15269
12449
8606
4669
1581
0078
0512
2771
6315
10299
13781
15943
16279
14717
11627
7737
3957
1166
0012
0759
3230
6849
10777
14106
16067
16211
14506
11348
7464
3749
1056
0004
0834
3355
6987
10897
14185
16096
16189
14442
11254
7361
3658
0999
0001
0897
3482
7160
11081
14333
16157
16125
14240
10938
6989
3319
0793
0010
1160
3979
7802
11722
14804
16307
15864
13575
9983
5953
2461
0359
0168
1941
5254
9296
13071
15641
16360
15040
12001
7999
4039
1125
0002
0967
3784
7738
11816
14963
16356
15622
12942
9009
4855
1576
0049
0691
3342
7300
11505
14822
16342
15644
12905
8868
4638
1383
0013
0919
3860
8020
12235
15315
16381
15122
11885
7586
3455
0681
0073
1816
5413
9824
13765
16077
16076
13752
9783
5338
1735
0050
0791
3746
8035
12376
15462
16359
14790
11223
6735
2685
0308
0330
2751
6835
11337
14878
16371
15355
12138
7707
3422
0606
0126
2133
6008
10559
14379
16289
15700
12793
8466
4054
0920
0030
1656
5297
9829
13855
16138
15978
13427
9271
4788
1348
0002
1158
4457
8891
13109
15832
16239
14212
10370
5876
2082
0125
0584
3314
7496
11879
15165
16383
15185
11930
7582
3419
0653
0085
1870
5481
9868
13768
16064
16107
13897
10071
5718
2071
0149
0482
2966
6900
11184
14637
16309
15754
13134
9173
4953
1616
0054
0677
3307
7233
11407
14723
16315
15774
13252
9417
5271
1887
0132
0448
2743
6422
10545
14065
16099
16145
14199
10758
6685
2991
0588
0060
1528
4624
8586
12447
15271
16380
15514
12889
9141
5172
1927
0176
0329
2344
5738
9707
13315
15718
16355
15083
12204
8392
4535
1532
0075
0500
2704
6176
10112
13603
15846
16324
14931
11988
8173
4362
1432
0056
0549
2799
6289
10217
13680
15881
16312
14872
11892
8056
4250
1354
0039
0614
2948
6503
10454
13880
15981
16260
14648
11518
7602
3820
1069
0003
0881
3501
7244
11219
14472
16218
16029
13943
10458
6417
2803
0504
0091
1674
4873
8900
12756
15479
16379
15222
12287
8311
4298
1271
0012
0853
3588
7520
11633
14856
16340
15686
13055
9132
4952
1630
0057
0668
3308
7275
11498
14826
16345
15628
12860
8797
4559
1327
0008
0982
3986
8184
12390
15409
16374
15000
11671
7334
3240
0574
0118
2013
5717
10150
14013
16167
15967
13465
9395
4962
1488
0014
0989
4128
8492
12770
15669
16307
14486
10753
6238
2314
0182
0495
3162
7371
11834
15181
16383
15067
11634
7141
2971
0409
0247
2536
6571
11107
14744
16357
15450
12302
7887
3566
0673
0098
2016
5835
10377
14247
16255
15789
12995
8733
4308
1071
0008
1436
4917
9388
13494
15993
16136
13886
9927
5450
1800
0062
0748
3646
7889
12217
15352
16376
14998
11630
7263
3172
0543
0130
2043
5721
10101
13930
16119
16055
13766
9910
5577
1983
0127
0517
3033
6970
11236
14661
16312
15751
13141
9199
4992
1650
0063
0642
3222
7111
11278
14629
16291
15842
13410
9633
5491
2049
0184
0361
2526
6120
10230
13822
15999
16225
14454
11134
7092
3327
0762
0018
1268
4201
8096
12009
14998
16347
15739
13327
9694
5708
2316
0318
0183
1935
5158
9089
12807
15443
16383
15415
12766
9057
5149
1949
0195
0291
2210
5509
9425
13056
15566
16379
15309
12603
8883
5005
1859
0169
0322
2285
5607
9525
13137
15610
16374
15251
12496
8743
4862
1750
0132
0386
2457
5869
9824
13402
15762
16345
15009
12064
8199
4329
1373
0037
0646
3062
6713
10724
14130
16102
16158
14274
10902
6861
3141
0661
0040
1441
4525
8530
12457
15317
16383
15377
12542
8592
4533
1408
0027
0758
3421
7333
11477
14765
16325
15735
13140
9222
5021
1664
0062
0658
3301
7282
11518
14849
16350
15598
12788
8695
4454
1254
0003
1061
4142
8378
12568
15512
16359
14856
11427
7056
3009
0466
0178
2237
6048
10497
14268
16246
15835
13149
8981
4574
1246
0001
1218
4539
8966
13163
15856
16224
14149
10258
5735
1959
0087
0696
3604
7922
12323
15457
16356
14742
11109
6576
2540
0248
0407
2969
7145
11642
15075
16383
15163
11793
7313
3105
0465
0205
2401
6377
10908
14604
16333
15570
12552
8204
3856
0831
0045
1731
5374
9865
13848
16123
16012
13556
9497
5052
1547
0022
0921
3969
8260
12525
15514
16356
14815
11348
6971
2953
0452
0179
2203
5935
10304
14067
16163
16007
13656
9779
5465
1916
0113
0543
3077
7009
11257
14665
16311
15761
13174
9256
5060
1705
0076
0595
3112
6958
11119
14512
16259
15918
13589
9878
5744
2239
0252
0275
2294
5791
9884
13548
15874
16294
14712
11527
7529
3699
0970
0001
1018
3769
7582
11537
14685
16276
15938
13758
10260
6275
2748
0507
0076
1550
4580
8451
12258
15115
16359
15705
13309
9728
5794
2416
0374
0136
1755
4856
8724
12470
15230
16372
15634
13186
9590
5673
2334
0342
0155
1817
4948
8827
12562
15289
16378
15574
13061
9418
5487
2183
0275
0212
2014
5262
9201
12906
15505
16381
15322
12572
8778
4840
1698
0107
0453
2663
6210
10241
13781
15965
16253
14568
11313
7283
3472
0827
0011
1238
4210
8189
12175
15158
16376
15507
12764
8841
4745
1533
0047
0681
3283
7180
11349
14690
16311
15770
13199
9278
5059
1680
0064
0661
3319
7321
11569
14890
16357
15553
12690
8561
4322
1168
0001
1159
4325
8602
12768
15622
16334
14690
11155
6753
2764
0362
0257
2489
6408
10861
14525
16310
15675
12802
8545
4178
1015
0012
1479
4979
9456
13552
16021
16107
13779
9743
5230
1622
0026
0936
4075
8481
12801
15702
16290
14382
10564
6014
2136
0127
0607
3429
7722
12159
15372
16369
14844
11270
6748
2672
0296
0348
2807
6918
11417
14926
16375
15325
12101
7689
3433
0625
0111
2041
5825
10319
14169
16223
15871
13226
9084
4681
1324
0003
1099
4280
8606
12805
15652
16325
14637
11088
6708
2761
0377
0228
2348
6123
10478
14181
16196
15966
13568
9678
5383
1870
0104
0557
3095
7016
11249
14649
16305
15783
13233
9345
5159
1781
0096
0538
2979
6773
10929
14370
16214
15997
13786
10152
6028
2457
0338
0195
2053
5440
9505
13240
15721
16346
14968
11936
7994
4106
1214
0013
0784
3336
7048
11030
14329
16165
16107
14176
10833
6870
3223
0746
0015
1196
4011
7797
11672
14736
16280
15950
13824
10398
6464
2930
0611
0038
1343
4223
8016
11848
14839
16303
15903
13731
10285
6358
2851
0573
0049
1400
4318
8132
11961
14921
16324
15843
13586
10073
6120
2646
0466
0092
1617
4688
8586
12396
15216
16374
15590
13042
9334
5349
2039
0207
0300
2302
5738
9775
13432
15810
16320
14827
11690
7680
3792
0997
0001
1064
3928
7878
11913
15006
16360
15616
12957
9059
4930
1644
0066
0621
3172
7057
11251
14635
16301
15791
13232
9304
5068
1675
0061
0676
3364
7391
11648
14948
16366
15493
12565
8396
4164
1070
0003
1277
4537
8854
12987
15736
16297
14498
10854
6425
2510
0264
0357
2770
6795
11241
14781
16356
15486
12426
8088
3778
0798
0052
1774
5445
9955
13931
16159
15954
13376
9208
4727
1307
0001
1212
4572
9048
13261
15912
16183
13989
10005
5461
1761
0045
0845
3913
8301
12654
15631
16314
14495
10737
6197
2271
0166
0524
3231
7455
11902
15214
16382
15057
11646
7190
3041
0453
0202
2358
6266
10748
14460
16296
15716
12900
8691
4340
1130
0002
1279
4577
8926
13056
15769
16286
14469
10850
6474
2596
0317
0276
2475
6282
10621
14271
16220
15933
13502
9608
5331
1846
0100
0559
3088
6990
11211
14614
16295
15816
13316
9466
5288
1878
0124
0474
2824
6558
10707
14203
16156
16078
13999
10454
6345
2706
0447
0123
1806
5068
9097
12898
15538
16377
15219
12354
8484
4549
1497
0058
0571
2906
6497
10489
13931
16009
16240
14574
11408
7490
3740
1035
0002
0879
3456
7132
11052
14306
16144
16143
14306
11059
7153
3487
0905
0001
0980
3617
7305
11198
14399
16173
16114
14233
10962
7053
3405
0859
0003
1036
3723
7445
11342
14511
16215
16056
14065
10703
6752
3135
0699
0023
1268
4149
7988
11880
14900
16327
15812
13473
9864
5847
2391
0335
0183
1980
5298
9329
13087
15643
16361
15052
12034
8050
4096
1166
0005
0916
3678
7596
11674
14864
16338
15706
13121
9246
5087
1738
0085
0575
3089
6968
11181
14600
16295
15801
13240
9297
5046
1652
0054
0705
3434
7494
11754
15023
16374
15417
12412
8202
3983
0962
0012
1415
4778
9133
13222
15850
16244
14280
10524
6077
2249
0177
0481
3080
7207
11633
15032
16380
15267
12020
7613
3378
0599
0124
2102
5936
10461
14296
16266
15765
12941
8659
4231
1020
0014
1526
5092
9615
13700
16086
16036
13564
9435
4921
1417
0005
1120
4416
8876
13124
15851
16221
14120
10199
5662
1904
0075
0731
3667
7984
12360
15465
16357
14771
11194
6712
2680
0313
0316
2681
6694
11150
14720
16345
15552
12582
8320
4027
0960
0015
1456
4856
9218
13278
15866
16244
14313
10637
6270
2455
0269
0320
2583
6413
10733
14340
16237
15910
13459
9570
5310
1841
0101
0550
3055
6934
11141
14557
16279
15860
13424
9620
5449
1999
0162
0403
2649
6314
10453
14009
16082
16157
14224
10780
6693
2986
0580
0064
1555
4679
8659
12520
15320
16382
15458
12779
8998
5027
1821
0141
0384
2484
5936
9918
13489
15807
16332
14946
11980
8130
4297
1375
0042
0603
2924
6464
10402
13827
15950
16281
14749
11706
7856
4083
1256
0025
0670
3044
6601
10524
13911
15984
16265
14688
11615
7752
3990
1195
0016
0727
3166
6773
10710
14066
16056
16214
14498
11305
7379
3640
0970
0001
0967
3647
7410
11363
14564
16244
15993
13864
10364
6333
2748
0483
0098
1695
4891
8905
12750
15469
16380
15248
12344
8392
4382
1331
0019
0790
3458
7347
11460
14735
16314
15779
13256
9399
5217
1815
0101
0542
3031
6911
11143
14583
16294
15798
13221
9258
4995
1609
0045
0747
3531
7627
11888
15113
16381
15324
12231
7978
3781
0847
0031
1577
5047
9438
13471
15962
16174
14034
10167
5709
1985
0103
0631
3421
7642
12033
15272
16380
15016
11585
7123
2982
0423
0229
2463
6449
10971
14643
16340
15538
12478
8099
3748
0763
0067
1875
5633
10180
14114
16221
15849
13113
8858
4398
1109
0006
1427
4933
9442
13565
16033
16091
13723
9659
5148
1571
0020
0965
4112
8499
12790
15682
16303
14471
10746
6255
2351
0202
0447
3005
7105
11524
14950
16373
15381
12275
7975
3743
0815
0038
1628
5114
9482
13474
15946
16199
14172
10450
6096
2339
0232
0358
2670
6514
10816
14386
16247
15896
13442
9563
5318
1858
0108
0530
2997
6845
11042
14479
16255
15914
13555
9804
5641
2145
0212
0329
2457
6042
10166
13785
15988
16230
14459
11128
7072
3301
0742
0022
1307
4276
8194
12107
15066
16358
15681
13205
9530
5539
2187
0266
0229
2076
5367
9320
13004
15555
16379
15288
12541
8783
4891
1768
0137
0374
2419
5798
9728
13302
15697
16362
15147
12331
8564
4713
1661
0110
0417
2510
5910
9834
13382
15737
16354
15091
12238
8448
4598
1577
0086
0473
2652
6121
10074
13591
15850
16319
14882
11873
7994
4157
1271
0022
0712
3185
6855
10851
14213
16130
16134
14216
10833
6801
3104
0648
0042
1444
4518
8508
12425
15292
16382
15415
12623
8702
4647
1489
0042
0687
3268
7130
11273
14620
16291
15836
13365
9521
5316
1872
0113
0522
2999
6886
11134
14588
16297
15784
13177
9188
4915
1549
0033
0804
3654
7791
12048
15215
16383
15211
12022
7726
3558
0727
0061
1762
5345
9767
13731
16068
16082
13760
9782
5326
1721
0047
0810
3791
8099
12439
15500
16351
14731
11123
6621
2595
0273
0369
2858
6981
11478
14968
16379
15272
11987
7532
3279
0540
0160
2258
6188
10737
14500
16316
15624
12638
8279
3896
0838
0047
1765
5462
9996
13975
16176
15927
13308
9124
4658
1274
0001
1221
4560
8998
13189
15865
16223
14162
10308
5824
2052
0119
0592
3325
7497
11870
15153
16383
15209
11982
7654
3488
0693
0070
1790
5349
9717
13643
16011
16156
14048
10292
5952
2246
0205
0389
2734
6583
10868
14412
16251
15894
13448
9587
5357
1894
0120
0498
2916
6724
10911
14379
16223
15974
13706
10018
5865
2316
0276
0255
2249
5742
9847
13531
15871
16293
14700
11497
7482
3648
0935
0002
1066
3862
7704
11658
14772
16300
15883
13627
10077
6084
2595
0435
0110
1689
4797
8699
12478
15252
16376
15592
13087
9446
5517
2210
0289
0196
1949
5142
9036
12735
15387
16383
15495
12928
9273
5370
2115
0257
0222
2020
5238
9137
12818
15436
16383
15442
12824
9134
5224
2000
0211
0276
2184
5495
9439
13094
15603
16373
15219
12405
8592
4680
1598
0083
0502
2762
6329
10348
13853
15992
16240
14529
11269
7250
3456
0824
0011
1226
4178
8138
12117
15115
16371
15557
12869
8984
4889
1636
0069
0602
3108
6944
11114
14523
16268
15879
13447
9610
5386
1909
0120
0512
2991
6893
11156
14612
16305
15757
13108
9086
4808
1471
0021
0876
3805
7986
12231
15327
16380
15077
11784
7447
3319
0606
0106
1975
5672
10116
13998
16165
15967
13456
9372
4931
1462
0011
1020
4192
8575
12845
15709
16292
14412
10636
6112
2221
0153
0547
3284
7529
11980
15267
16379
14970
11472
6963
2831
0353
0294
2672
6756
11282
14854
16370
15362
12142
7705
3419
0604
0127
2130
5995
10534
14352
16280
15732
12879
8597
4194
1012
0013
1498
5008
9479
13557
16016
16120
13846
9883
5418
1785
0060
0748
3637
7867
12187
15329
16379
15038
11708
7361
3261
0589
0107
1942
5560
9923
13787
16063
16116
13942
10162
5839
2176
0187
0411
2776
6621
10890
14417
16250
15903
13480
9644
5427
1952
0139
0457
2810
6571
10749
14255
16181
16040
13878
10260
6121
2515
0357
0184
2029
5419
9498
13244
15729
16342
14942
11882
7921
4032
1163
0007
0837
3444
7192
11175
14438
16204
16057
14039
10636
6658
3047
0652
0032
1329
4231
8058
11913
14898
16320
15853
13609
10111
6172
2701
0500
0074
1520
4502
8332
12130
15021
16342
15789
13491
9975
6048
2615
0463
0088
1579
4592
8436
12225
15085
16354
15736
13371
9804
5861
2456
0385
0133
1763
4899
8810
12580
15320
16381
15507
12899
9169
5203
1945
0179
0333
2380
5832
9860
13488
15832
16314
14807
11671
7674
3799
1007
0001
1039
3872
7796
11827
14944
16349
15675
13085
9232
5105
1769
0097
0533
2975
6791
10984
14444
16250
15910
13504
9666
5425
1925
0122
0515
3010
6931
11207
14656
16316
15717
13013
8953
4672
1378
0011
0966
3983
8210
12437
15448
16368
14922
11518
7141
3065
0486
0168
2214
6027
10486
14269
16248
15826
13122
8937
4525
1212
0001
1262
4621
9066
13248
15896
16199
14060
10126
5600
1863
0066
0762
3740
8089
12470
15536
16340
14632
10937
6395
2407
0205
0468
3115
7330
11811
15174
16383
15066
11630
7137
2969
0410
0243
2518
6531
11052
14695
16348
15510
12441
8082
3759
0784
0056
1788
5451
9937
13894
16136
15999
13530
9473
5040
1547
0023
0910
3940
8213
12475
15481
16362
14872
11452
7096
3061
0503
0146
2079
5745
10097
13906
16103
16081
13858
10062
5755
2128
0175
0423
2793
6628
10882
14400
16242
15922
13537
9733
5527
2032
0166
0407
2682
6388
10556
14105
16126
16108
14066
10531
6409
2744
0458
0119
1800
5074
9117
12925
15558
16374
15181
12280
8386
4450
1427
0044
0626
3025
6661
10658
14062
16066
16199
14436
11200
7259
3541
0917
0001
1001
3678
7405
11313
14493
16209
16067
14102
10772
6849
3237
0768
0010
1135
3884
7624
11493
14603
16239
16027
14013
10662
6742
3154
0726
0015
1189
3978
7740
11609
14689
16267
15974
13874
10452
6501
2942
0606
0043
1390
4337
8195
12055
15006
16345
15749
13353
9721
5719
2306
0304
0204
2037
5366
9389
13124
15657
16359
15049
12041
8072
4127
1192
0007
0879
3598
7486
11559
14781
16320
15774
13271
9449
5293
1887
0125
0480
2869
6670
10883
14385
16236
15929
13536
9692
5434
1921
0118
0529
3052
7001
11288
14719
16331
15663
12892
8789
4511
1273
0003
1074
4190
8462
12662
15574
16345
14741
11222
6811
2800
0372
0251
2482
6410
10873
14540
16314
15657
12757
8481
4114
0975
0018
1537
5078
9569
13644
16058
16071
13674
9597
5087
1528
0015
1015
4224
8655
12946
15772
16260
14259
10385
5835
2011
0096
0680
3583
7907
12319
15458
16356
14739
11107
6580
2550
0254
0394
2924
7064
11547
15003
16380
15264
11999
7581
3352
0591
0125
2090
5887
10371
14200
16230
15863
13216
9083
4691
1337
0004
1076
4229
8534
12734
15610
16337
14714
11219
6860
2889
0434
0184
2200
5903
10242
14001
16133
16053
13795
9993
5702
2102
0170
0425
2787
6604
10842
14363
16228
15951
13617
9853
5659
2136
0202
0351
2534
6175
10330
13929
16056
16175
14269
10828
6729
3003
0583
0064
1567
4709
8706
12571
15355
16383
15412
12687
8876
4904
1731
0114
0436
2612
6116
10110
13644
15884
16304
14812
11765
7882
4074
1233
0019
0710
3141
6745
10681
14038
16041
16228
14560
11423
7543
3814
1093
0006
0802
3297
6917
10829
14135
16076
16205
14491
11328
7443
3728
1042
0003
0853
3399
7055
10976
14254
16127
16156
14332
11074
7140
3449
0867
0003
1067
3812
7596
11526
14668
16271
15947
13767
10246
6226
2675
0455
0110
1732
4934
8939
12767
15472
16381
15259
12375
8443
4441
1375
0027
0744
3356
7206
11315
14629
16288
15854
13428
9634
5454
1987
0151
0439
2788
6581
